otg2_udp_out_ts_avg = [ 1.23889499902725 1.7511352840811 2.36956008151174 2.73919239640236 3.36774484813213 3.87027124688029 4.36923528462648 4.86713227629662 5.3679348602891 5.86724776774645 6.36703281104565 6.867087431252 7.36663178354502 7.86712612211704 8.36783790588379 8.86718682944775 9.36752620339394 9.86760506033897 10.3669910877943 10.8680420219898 ];
otr2_udp_in_ts_avg = [ 1.10203049890697 1.48767471313477 2.11869958043098 2.48856846615672 3.11492629721761 3.61772345751524 4.11689374595881 4.61493133753538 5.11586027592421 5.61520066857338 6.11514613032341 6.61705733090639 7.11663962900639 7.61714337021112 8.11785881221294 8.61876161396503 9.11896584928036 9.61884750425816 10.118143081665 10.6190387904644 ];
